4 Pflfflffifflfl

11151 111115 551 quod 1551111115, 5111115 551 gloria,
51115555 15151511111111 1151111555

1111111 53515 1111511 111111 11111511 15115115 5111115551,
qui 51 1151151555 [51151155 5551151155 551, 11511115 51 5111115 55551,
111-1115115 inutiliter 11111] adderetur? 1115111 151115551111111 551 115
5515111155 [51111155 ..ΙΙΙ 15 51111111-

1115 11511155511515 11511111 5115151· 5515111115

5115151515 homines legibus», 15511115 55111,
111 11115 511111 1111115 111555 5511511 1115111111, 511 1151111555 {eff-ibus
5115151555, turn *veram sah-ulae 5551511115111 11155 15111 agnus
pronuntiaverat

15511 1155511155 bonitas, 111111 5555551155.

Sed 511 115515151115151111511111 5555115 lange 5551555551· 511111
qui 11511 11111115 1111111111· 51115 11551155 55111555 55515155 15115115
[115511555115111115 15111555 5511115115 ι11511 55111111 11151115 5511 1115115
1151115151 vix 5111111 1515 111115 11111 talia [111515 551 11115111 115 111-511515
51 111111 credam [111 111] 511 5111111115 1151111115 1151115515 55511 51111
115155511551. quamquam Ὶ151 magia mirum 551 [remp-vm 51 1115511-
11111111 [51111155 [V Β), qua 0555515 depingitur, 5111 ,1511115111151-
5111151, 111 11115 1111115 55511115 inducunt, pnrnelli nulli
5511 1111115 11111511] 1151155 [V 4), 1515115511 11555 1111111115 Bant-
151115. 511511 5111111 155115 1555115511 11111115 51 1115111115, 511511 05511-
515 1151115111. 51111115 eat quod 11* 5 11115 5111111 1111115511] 5511111551,
511111 55111555 15511115511115 1151155111 11555 51115115 et quidam 1111111
defamata, 51 [ΙΙΙ 115 5515511115 51 hirei 111-5 15551515511115 115 51111515
1151115115. 5111115151. igitur 11115111 sutili 51Ὴιι11151115 115115 511 [11555-
155115 51151 111-511151· verba 115111 13115511111 1111 5111555551 15115155 ΙΙ
5151 1555111115, 11115111 5111111511] 1511515111 151515151555 551115 511
ingenit* 5511115555111 11115111 15551111511 61155115 1111 &mendum (ΙΙ 5]
5 1115 111 1155151151 1155 111 5111115115 5111155551, 15111511 115 51111 55111ι
1115115 1111115515 5511115 11115 1111115111115 5111111 11551111 5551111115 1151111
511111 invideri querantur, 55115 5115 555 11155515 1151111, 55115111
suit 551155, 5111151115 5551111111 libri pmlngum 511111 prima 15111115,

 

