1131331113 5

1131131113 3113113 1331133131, 333133331331, 333 13113133 V 4 *serzi-
33133 ‘ss—12 311 313 111133 111333311311133131133131111 333 33131 331
311 interpolatore 311133133 3333 331 311 31133] (1113311331 13113133]
1131113 3333131133] 113111331333 13 3113113 3333 11333, 31311 33133
113 3311331333 13313 113 13111331 quidem 11131331 311 1131111-
331133 113113 111333 3331331133 3111131331 3331333113.

1131113 3111113313 33111 1311311331 3333 11111111, ut 3311113 3311133111
333131113133] 11133131· 33, 11333 311 31113111 1-3111 orthographicum
1131113331, nihil 3131313131* 3131 31 3133113 1331313 31. 3331313
3333113131 33111333] 1331131133 11131 33311113ῐὶ31 111111 3331313333,
1111111113 11331113] 13311333 0331131· 01311133 31111111313311] 31133-
133 - 3111133131111133 33113 3311113 311 Ρ111133333 11311131133 33313111
1131133 33 [13313331 331111313133 - 11133313 31 3333131331 11311-
11313 3313 113311311133 1133113 333113111113313111. 3 3311131333 113-
1113331 31. pithoeano 1133 3311313111, 11313 113333313113133 33311331,
13131331 11333 1333131· [13313113 3113113133] 1131113 13 ’11111113111333
1131131133 3313131331, quamquam 11333 311 33 3113133131· 11311113]
33113 33313313133 11311311 mihi 1111111331 1131333333] 331, id 113311
313333 3331 1113111131· 31133 13333 13111 113 3313113133 313 33111313
111133 1331131331331 3111 Ῑ 17, 3 3111311333 331 3331 311111 1313
Ι, 12, 2 11131333 3111131333 1131311 3333333113 3313333333 31331.
111133 33 3311133 ‘Patauina 13 313 [3113113 3313333333 3331,
11333 Ρ3131133 11311 33133 3311131111 111133 311113 1133113331 1133111*
1133111 31111311 31133133 111111 13311313 33113111 13111311 1131113 1113
1313111313 iri 11313, 113113331113 31131131 nihil 11131113 333 1131133111
1111113333. 1133113331 1133131113] emendation& 3111133313 plures
13 3111111331 1311131331 31131131 1111331 [113331313 3133331331, 13
Δ313331-13 331131113331113 3313 1133113313 3113333133 1313 [13313113
1113311313 11331313 31131ι 313331 111133331 3311 ’11111 p. 19⁸1 311,
33331313 113 13311133 matrinis Ρ1133111-3 111331113 33333311, 311311
3111111113 113 13 31311133 1133131311] Latinorum 1111113 113 333113
11331133 113313 egregie 31311133 331.

Ρ3113133 1131331333 edidit 311 3311133 Parni-tino Ν331131113113

 

